9 0.333984375 0.3095703125 0.0517578125 0.08984375
9 0.384765625 0.3095703125 0.048828125 0.08984375
7 0.384765625 0.216796875 0.0517578125 0.0927734375
11 0.232421875 0.2177734375 0.05078125 0.0927734375
8 0.283203125 0.2158203125 0.0458984375 0.0888671875
6 0.333984375 0.2177734375 0.048828125 0.08984375
10 0.435546875 0.21875 0.0478515625 0.0908203125
3 0.3837890625 0.7578125 0.0498046875 0.08984375
5 0.2333984375 0.84375 0.048828125 0.08984375
2 0.2841796875 0.849609375 0.0498046875 0.08984375
1 0.384765625 0.84765625 0.0517578125 0.0908203125
4 0.435546875 0.845703125 0.0478515625 0.0927734375
0 0.4853515625 0.8466796875 0.048828125 0.0927734375