5 0.068359375 0.0703125 0.1201171875 0.123046875
4 0.5615234375 0.068359375 0.12109375 0.1259765625
5 0.6826171875 0.0654296875 0.12109375 0.123046875
1 0.806640625 0.068359375 0.1240234375 0.12890625
3 0.068359375 0.19140625 0.1201171875 0.1259765625
3 0.1923828125 0.19140625 0.123046875 0.123046875
9 0.560546875 0.4384765625 0.1171875 0.1259765625
9 0.4365234375 0.5634765625 0.123046875 0.1259765625
2 0.4384765625 0.31640625 0.12109375 0.1171875
8 0.560546875 0.8095703125 0.123046875 0.12890625
6 0.4375 0.6884765625 0.12109375 0.1240234375
7 0.8076171875 0.9345703125 0.1171875 0.1240234375
10 0.931640625 0.4384765625 0.1201171875 0.1240234375
11 0.685546875 0.31640625 0.115234375 0.1201171875
0 0.8076171875 0.193359375 0.12109375 0.12109375