10 0.1845703125 0.1904296875 0.1240234375 0.1201171875
11 0.43359375 0.0673828125 0.1240234375 0.1259765625
9 0.3095703125 0.8037109375 0.1220703125 0.1220703125
6 0.5615234375 0.927734375 0.1298828125 0.1201171875
9 0.685546875 0.8076171875 0.1259765625 0.123046875
3 0.18359375 0.68359375 0.1162109375 0.125
2 0.060546875 0.9306640625 0.1181640625 0.1220703125
4 0.1845703125 0.9296875 0.1181640625 0.1201171875
1 0.3095703125 0.9287109375 0.126953125 0.125
7 0.9365234375 0.6806640625 0.1162109375 0.119140625
5 0.185546875 0.8076171875 0.1259765625 0.1171875