2 0.1875 0.189453125 0.12109375 0.1201171875
11 0.3115234375 0.314453125 0.1171875 0.1279296875
0 0.43359375 0.439453125 0.12109375 0.1220703125
5 0.5576171875 0.5625 0.12109375 0.125
1 0.9267578125 0.3134765625 0.1259765625 0.119140625
8 0.9267578125 0.5625 0.1142578125 0.125
9 0.6826171875 0.5625 0.1171875 0.1220703125
7 0.4365234375 0.8125 0.1181640625 0.1220703125
6 0.064453125 0.9345703125 0.1201171875 0.1259765625
11 0.8037109375 0.8095703125 0.1171875 0.1220703125
9 0.927734375 0.6845703125 0.11328125 0.1220703125