6 0.693359375 0.4296875 0.0283203125 0.0517578125
1 0.7822265625 0.32421875 0.03125 0.052734375
3 0.8125 0.3251953125 0.0263671875 0.052734375
3 0.810546875 0.3759765625 0.0263671875 0.048828125
0 0.751953125 0.4287109375 0.0283203125 0.0556640625
2 0.78125 0.48046875 0.029296875 0.0546875
11 0.810546875 0.4814453125 0.0283203125 0.0498046875
9 0.6650390625 0.4814453125 0.029296875 0.0556640625
5 0.6943359375 0.5830078125 0.0263671875 0.0517578125
7 0.751953125 0.533203125 0.029296875 0.052734375
8 0.78125 0.5341796875 0.0283203125 0.056640625